{
  "nbformat": 4,
  "nbformat_minor": 0,
  "metadata": {
    "colab": {
      "provenance": []
    },
    "kernelspec": {
      "name": "python3",
      "display_name": "Python 3"
    },
    "gpuClass": "standard"
  },
  "cells": [
    {
      "cell_type": "code",
      "metadata": {
        "id": "1iEXEPxRNNUX"
      },
      "source": [
        "import pandas as pd\n",
        "import numpy as np\n",
        "import matplotlib.pyplot as plt\n",
        "from sklearn.ensemble import RandomForestRegressor"
      ],
      "execution_count": null,
      "outputs": []
    },
    {
      "cell_type": "code",
      "metadata": {
        "id": "mxpiFyZhe84p"
      },
      "source": [
        "df = pd.read_csv('/content/BTC-Hourly.csv')"
      ],
      "execution_count": null,
      "outputs": []
    },
    {
      "cell_type": "code",
      "source": [
        "df = df.set_index('unix')"
      ],
      "metadata": {
        "id": "7NuEeRyYMUua"
      },
      "execution_count": null,
      "outputs": []
    },
    {
      "cell_type": "code",
      "source": [
        "df"
      ],
      "metadata": {
        "colab": {
          "base_uri": "https://localhost:8080/",
          "height": 455
        },
        "id": "-L1jM-GlMZfM",
        "outputId": "af38e9d8-add5-4371-85a4-a0c222fd7c61"
      },
      "execution_count": null,
      "outputs": [
        {
          "output_type": "execute_result",
          "data": {
            "text/plain": [
              "                           date   symbol      open      high       low  \\\n",
              "unix                                                                     \n",
              "1646092800  2022-03-01 00:00:00  BTC/USD  43221.71  43626.49  43185.48   \n",
              "1646089200  2022-02-28 23:00:00  BTC/USD  43085.30  43364.81  42892.37   \n",
              "1646085600  2022-02-28 22:00:00  BTC/USD  41657.23  44256.08  41650.29   \n",
              "1646082000  2022-02-28 21:00:00  BTC/USD  41917.09  41917.09  41542.60   \n",
              "1646078400  2022-02-28 20:00:00  BTC/USD  41361.99  41971.00  41284.11   \n",
              "...                         ...      ...       ...       ...       ...   \n",
              "1526378400  2018-05-15 10:00:00  BTC/USD   8708.32   8865.00   8695.11   \n",
              "1526374800  2018-05-15 09:00:00  BTC/USD   8728.49   8754.40   8701.35   \n",
              "1526371200  2018-05-15 08:00:00  BTC/USD   8739.00   8750.27   8660.53   \n",
              "1526367600  2018-05-15 07:00:00  BTC/USD   8740.99   8766.00   8721.11   \n",
              "1526364000  2018-05-15 06:00:00  BTC/USD   8733.86   8796.68   8707.28   \n",
              "\n",
              "               close    Volume BTC    Volume USD  \n",
              "unix                                              \n",
              "1646092800  43312.27  5.205632e+01  2.254677e+06  \n",
              "1646089200  43178.98  1.068161e+02  4.612210e+06  \n",
              "1646085600  42907.32  5.275406e+02  2.263535e+07  \n",
              "1646082000  41659.53  6.975168e+01  2.905822e+06  \n",
              "1646078400  41914.97  2.471517e+02  1.035935e+07  \n",
              "...              ...           ...           ...  \n",
              "1526378400   8795.90  1.110127e+07  1.260690e+03  \n",
              "1526374800   8708.32  1.593992e+06  1.826200e+02  \n",
              "1526371200   8728.49  7.986063e+06  9.177900e+02  \n",
              "1526367600   8739.00  2.390399e+06  2.735800e+02  \n",
              "1526364000   8740.99  4.906603e+06  5.599300e+02  \n",
              "\n",
              "[33259 rows x 8 columns]"
            ],
            "text/html": [
              "\n",
              "  <div id=\"df-c1299ee5-a97b-49c0-9a2c-fb760029268b\">\n",
              "    <div class=\"colab-df-container\">\n",
              "      <div>\n",
              "<style scoped>\n",
              "    .dataframe tbody tr th:only-of-type {\n",
              "        vertical-align: middle;\n",
              "    }\n",
              "\n",
              "    .dataframe tbody tr th {\n",
              "        vertical-align: top;\n",
              "    }\n",
              "\n",
              "    .dataframe thead th {\n",
              "        text-align: right;\n",
              "    }\n",
              "</style>\n",
              "<table border=\"1\" class=\"dataframe\">\n",
              "  <thead>\n",
              "    <tr style=\"text-align: right;\">\n",
              "      <th></th>\n",
              "      <th>date</th>\n",
              "      <th>symbol</th>\n",
              "      <th>open</th>\n",
              "      <th>high</th>\n",
              "      <th>low</th>\n",
              "      <th>close</th>\n",
              "      <th>Volume BTC</th>\n",
              "      <th>Volume USD</th>\n",
              "    </tr>\n",
              "    <tr>\n",
              "      <th>unix</th>\n",
              "      <th></th>\n",
              "      <th></th>\n",
              "      <th></th>\n",
              "      <th></th>\n",
              "      <th></th>\n",
              "      <th></th>\n",
              "      <th></th>\n",
              "      <th></th>\n",
              "    </tr>\n",
              "  </thead>\n",
              "  <tbody>\n",
              "    <tr>\n",
              "      <th>1646092800</th>\n",
              "      <td>2022-03-01 00:00:00</td>\n",
              "      <td>BTC/USD</td>\n",
              "      <td>43221.71</td>\n",
              "      <td>43626.49</td>\n",
              "      <td>43185.48</td>\n",
              "      <td>43312.27</td>\n",
              "      <td>5.205632e+01</td>\n",
              "      <td>2.254677e+06</td>\n",
              "    </tr>\n",
              "    <tr>\n",
              "      <th>1646089200</th>\n",
              "      <td>2022-02-28 23:00:00</td>\n",
              "      <td>BTC/USD</td>\n",
              "      <td>43085.30</td>\n",
              "      <td>43364.81</td>\n",
              "      <td>42892.37</td>\n",
              "      <td>43178.98</td>\n",
              "      <td>1.068161e+02</td>\n",
              "      <td>4.612210e+06</td>\n",
              "    </tr>\n",
              "    <tr>\n",
              "      <th>1646085600</th>\n",
              "      <td>2022-02-28 22:00:00</td>\n",
              "      <td>BTC/USD</td>\n",
              "      <td>41657.23</td>\n",
              "      <td>44256.08</td>\n",
              "      <td>41650.29</td>\n",
              "      <td>42907.32</td>\n",
              "      <td>5.275406e+02</td>\n",
              "      <td>2.263535e+07</td>\n",
              "    </tr>\n",
              "    <tr>\n",
              "      <th>1646082000</th>\n",
              "      <td>2022-02-28 21:00:00</td>\n",
              "      <td>BTC/USD</td>\n",
              "      <td>41917.09</td>\n",
              "      <td>41917.09</td>\n",
              "      <td>41542.60</td>\n",
              "      <td>41659.53</td>\n",
              "      <td>6.975168e+01</td>\n",
              "      <td>2.905822e+06</td>\n",
              "    </tr>\n",
              "    <tr>\n",
              "      <th>1646078400</th>\n",
              "      <td>2022-02-28 20:00:00</td>\n",
              "      <td>BTC/USD</td>\n",
              "      <td>41361.99</td>\n",
              "      <td>41971.00</td>\n",
              "      <td>41284.11</td>\n",
              "      <td>41914.97</td>\n",
              "      <td>2.471517e+02</td>\n",
              "      <td>1.035935e+07</td>\n",
              "    </tr>\n",
              "    <tr>\n",
              "      <th>...</th>\n",
              "      <td>...</td>\n",
              "      <td>...</td>\n",
              "      <td>...</td>\n",
              "      <td>...</td>\n",
              "      <td>...</td>\n",
              "      <td>...</td>\n",
              "      <td>...</td>\n",
              "      <td>...</td>\n",
              "    </tr>\n",
              "    <tr>\n",
              "      <th>1526378400</th>\n",
              "      <td>2018-05-15 10:00:00</td>\n",
              "      <td>BTC/USD</td>\n",
              "      <td>8708.32</td>\n",
              "      <td>8865.00</td>\n",
              "      <td>8695.11</td>\n",
              "      <td>8795.90</td>\n",
              "      <td>1.110127e+07</td>\n",
              "      <td>1.260690e+03</td>\n",
              "    </tr>\n",
              "    <tr>\n",
              "      <th>1526374800</th>\n",
              "      <td>2018-05-15 09:00:00</td>\n",
              "      <td>BTC/USD</td>\n",
              "      <td>8728.49</td>\n",
              "      <td>8754.40</td>\n",
              "      <td>8701.35</td>\n",
              "      <td>8708.32</td>\n",
              "      <td>1.593992e+06</td>\n",
              "      <td>1.826200e+02</td>\n",
              "    </tr>\n",
              "    <tr>\n",
              "      <th>1526371200</th>\n",
              "      <td>2018-05-15 08:00:00</td>\n",
              "      <td>BTC/USD</td>\n",
              "      <td>8739.00</td>\n",
              "      <td>8750.27</td>\n",
              "      <td>8660.53</td>\n",
              "      <td>8728.49</td>\n",
              "      <td>7.986063e+06</td>\n",
              "      <td>9.177900e+02</td>\n",
              "    </tr>\n",
              "    <tr>\n",
              "      <th>1526367600</th>\n",
              "      <td>2018-05-15 07:00:00</td>\n",
              "      <td>BTC/USD</td>\n",
              "      <td>8740.99</td>\n",
              "      <td>8766.00</td>\n",
              "      <td>8721.11</td>\n",
              "      <td>8739.00</td>\n",
              "      <td>2.390399e+06</td>\n",
              "      <td>2.735800e+02</td>\n",
              "    </tr>\n",
              "    <tr>\n",
              "      <th>1526364000</th>\n",
              "      <td>2018-05-15 06:00:00</td>\n",
              "      <td>BTC/USD</td>\n",
              "      <td>8733.86</td>\n",
              "      <td>8796.68</td>\n",
              "      <td>8707.28</td>\n",
              "      <td>8740.99</td>\n",
              "      <td>4.906603e+06</td>\n",
              "      <td>5.599300e+02</td>\n",
              "    </tr>\n",
              "  </tbody>\n",
              "</table>\n",
              "<p>33259 rows × 8 columns</p>\n",
              "</div>\n",
              "      <button class=\"colab-df-convert\" onclick=\"convertToInteractive('df-c1299ee5-a97b-49c0-9a2c-fb760029268b')\"\n",
              "              title=\"Convert this dataframe to an interactive table.\"\n",
              "              style=\"display:none;\">\n",
              "        \n",
              "  <svg xmlns=\"http://www.w3.org/2000/svg\" height=\"24px\"viewBox=\"0 0 24 24\"\n",
              "       width=\"24px\">\n",
              "    <path d=\"M0 0h24v24H0V0z\" fill=\"none\"/>\n",
              "    <path d=\"M18.56 5.44l.94 2.06.94-2.06 2.06-.94-2.06-.94-.94-2.06-.94 2.06-2.06.94zm-11 1L8.5 8.5l.94-2.06 2.06-.94-2.06-.94L8.5 2.5l-.94 2.06-2.06.94zm10 10l.94 2.06.94-2.06 2.06-.94-2.06-.94-.94-2.06-.94 2.06-2.06.94z\"/><path d=\"M17.41 7.96l-1.37-1.37c-.4-.4-.92-.59-1.43-.59-.52 0-1.04.2-1.43.59L10.3 9.45l-7.72 7.72c-.78.78-.78 2.05 0 2.83L4 21.41c.39.39.9.59 1.41.59.51 0 1.02-.2 1.41-.59l7.78-7.78 2.81-2.81c.8-.78.8-2.07 0-2.86zM5.41 20L4 18.59l7.72-7.72 1.47 1.35L5.41 20z\"/>\n",
              "  </svg>\n",
              "      </button>\n",
              "      \n",
              "  <style>\n",
              "    .colab-df-container {\n",
              "      display:flex;\n",
              "      flex-wrap:wrap;\n",
              "      gap: 12px;\n",
              "    }\n",
              "\n",
              "    .colab-df-convert {\n",
              "      background-color: #E8F0FE;\n",
              "      border: none;\n",
              "      border-radius: 50%;\n",
              "      cursor: pointer;\n",
              "      display: none;\n",
              "      fill: #1967D2;\n",
              "      height: 32px;\n",
              "      padding: 0 0 0 0;\n",
              "      width: 32px;\n",
              "    }\n",
              "\n",
              "    .colab-df-convert:hover {\n",
              "      background-color: #E2EBFA;\n",
              "      box-shadow: 0px 1px 2px rgba(60, 64, 67, 0.3), 0px 1px 3px 1px rgba(60, 64, 67, 0.15);\n",
              "      fill: #174EA6;\n",
              "    }\n",
              "\n",
              "    [theme=dark] .colab-df-convert {\n",
              "      background-color: #3B4455;\n",
              "      fill: #D2E3FC;\n",
              "    }\n",
              "\n",
              "    [theme=dark] .colab-df-convert:hover {\n",
              "      background-color: #434B5C;\n",
              "      box-shadow: 0px 1px 3px 1px rgba(0, 0, 0, 0.15);\n",
              "      filter: drop-shadow(0px 1px 2px rgba(0, 0, 0, 0.3));\n",
              "      fill: #FFFFFF;\n",
              "    }\n",
              "  </style>\n",
              "\n",
              "      <script>\n",
              "        const buttonEl =\n",
              "          document.querySelector('#df-c1299ee5-a97b-49c0-9a2c-fb760029268b button.colab-df-convert');\n",
              "        buttonEl.style.display =\n",
              "          google.colab.kernel.accessAllowed ? 'block' : 'none';\n",
              "\n",
              "        async function convertToInteractive(key) {\n",
              "          const element = document.querySelector('#df-c1299ee5-a97b-49c0-9a2c-fb760029268b');\n",
              "          const dataTable =\n",
              "            await google.colab.kernel.invokeFunction('convertToInteractive',\n",
              "                                                     [key], {});\n",
              "          if (!dataTable) return;\n",
              "\n",
              "          const docLinkHtml = 'Like what you see? Visit the ' +\n",
              "            '<a target=\"_blank\" href=https://colab.research.google.com/notebooks/data_table.ipynb>data table notebook</a>'\n",
              "            + ' to learn more about interactive tables.';\n",
              "          element.innerHTML = '';\n",
              "          dataTable['output_type'] = 'display_data';\n",
              "          await google.colab.output.renderOutput(dataTable, element);\n",
              "          const docLink = document.createElement('div');\n",
              "          docLink.innerHTML = docLinkHtml;\n",
              "          element.appendChild(docLink);\n",
              "        }\n",
              "      </script>\n",
              "    </div>\n",
              "  </div>\n",
              "  "
            ]
          },
          "metadata": {},
          "execution_count": 148
        }
      ]
    },
    {
      "cell_type": "code",
      "source": [
        "df = df.sort_index(ascending=True)"
      ],
      "metadata": {
        "id": "w5ZgTWtlMGnO"
      },
      "execution_count": null,
      "outputs": []
    },
    {
      "cell_type": "code",
      "source": [
        "df"
      ],
      "metadata": {
        "colab": {
          "base_uri": "https://localhost:8080/",
          "height": 455
        },
        "id": "lyVqolOT_Krn",
        "outputId": "b58d78b5-594e-48f1-a17d-0a18bf226701"
      },
      "execution_count": null,
      "outputs": [
        {
          "output_type": "execute_result",
          "data": {
            "text/plain": [
              "                           date   symbol      open      high       low  \\\n",
              "unix                                                                     \n",
              "1526364000  2018-05-15 06:00:00  BTC/USD   8733.86   8796.68   8707.28   \n",
              "1526367600  2018-05-15 07:00:00  BTC/USD   8740.99   8766.00   8721.11   \n",
              "1526371200  2018-05-15 08:00:00  BTC/USD   8739.00   8750.27   8660.53   \n",
              "1526374800  2018-05-15 09:00:00  BTC/USD   8728.49   8754.40   8701.35   \n",
              "1526378400  2018-05-15 10:00:00  BTC/USD   8708.32   8865.00   8695.11   \n",
              "...                         ...      ...       ...       ...       ...   \n",
              "1646078400  2022-02-28 20:00:00  BTC/USD  41361.99  41971.00  41284.11   \n",
              "1646082000  2022-02-28 21:00:00  BTC/USD  41917.09  41917.09  41542.60   \n",
              "1646085600  2022-02-28 22:00:00  BTC/USD  41657.23  44256.08  41650.29   \n",
              "1646089200  2022-02-28 23:00:00  BTC/USD  43085.30  43364.81  42892.37   \n",
              "1646092800  2022-03-01 00:00:00  BTC/USD  43221.71  43626.49  43185.48   \n",
              "\n",
              "               close    Volume BTC    Volume USD  \n",
              "unix                                              \n",
              "1526364000   8740.99  4.906603e+06  5.599300e+02  \n",
              "1526367600   8739.00  2.390399e+06  2.735800e+02  \n",
              "1526371200   8728.49  7.986063e+06  9.177900e+02  \n",
              "1526374800   8708.32  1.593992e+06  1.826200e+02  \n",
              "1526378400   8795.90  1.110127e+07  1.260690e+03  \n",
              "...              ...           ...           ...  \n",
              "1646078400  41914.97  2.471517e+02  1.035935e+07  \n",
              "1646082000  41659.53  6.975168e+01  2.905822e+06  \n",
              "1646085600  42907.32  5.275406e+02  2.263535e+07  \n",
              "1646089200  43178.98  1.068161e+02  4.612210e+06  \n",
              "1646092800  43312.27  5.205632e+01  2.254677e+06  \n",
              "\n",
              "[33259 rows x 8 columns]"
            ],
            "text/html": [
              "\n",
              "  <div id=\"df-f29a0317-7e7b-46ce-88e4-7f1e047265db\">\n",
              "    <div class=\"colab-df-container\">\n",
              "      <div>\n",
              "<style scoped>\n",
              "    .dataframe tbody tr th:only-of-type {\n",
              "        vertical-align: middle;\n",
              "    }\n",
              "\n",
              "    .dataframe tbody tr th {\n",
              "        vertical-align: top;\n",
              "    }\n",
              "\n",
              "    .dataframe thead th {\n",
              "        text-align: right;\n",
              "    }\n",
              "</style>\n",
              "<table border=\"1\" class=\"dataframe\">\n",
              "  <thead>\n",
              "    <tr style=\"text-align: right;\">\n",
              "      <th></th>\n",
              "      <th>date</th>\n",
              "      <th>symbol</th>\n",
              "      <th>open</th>\n",
              "      <th>high</th>\n",
              "      <th>low</th>\n",
              "      <th>close</th>\n",
              "      <th>Volume BTC</th>\n",
              "      <th>Volume USD</th>\n",
              "    </tr>\n",
              "    <tr>\n",
              "      <th>unix</th>\n",
              "      <th></th>\n",
              "      <th></th>\n",
              "      <th></th>\n",
              "      <th></th>\n",
              "      <th></th>\n",
              "      <th></th>\n",
              "      <th></th>\n",
              "      <th></th>\n",
              "    </tr>\n",
              "  </thead>\n",
              "  <tbody>\n",
              "    <tr>\n",
              "      <th>1526364000</th>\n",
              "      <td>2018-05-15 06:00:00</td>\n",
              "      <td>BTC/USD</td>\n",
              "      <td>8733.86</td>\n",
              "      <td>8796.68</td>\n",
              "      <td>8707.28</td>\n",
              "      <td>8740.99</td>\n",
              "      <td>4.906603e+06</td>\n",
              "      <td>5.599300e+02</td>\n",
              "    </tr>\n",
              "    <tr>\n",
              "      <th>1526367600</th>\n",
              "      <td>2018-05-15 07:00:00</td>\n",
              "      <td>BTC/USD</td>\n",
              "      <td>8740.99</td>\n",
              "      <td>8766.00</td>\n",
              "      <td>8721.11</td>\n",
              "      <td>8739.00</td>\n",
              "      <td>2.390399e+06</td>\n",
              "      <td>2.735800e+02</td>\n",
              "    </tr>\n",
              "    <tr>\n",
              "      <th>1526371200</th>\n",
              "      <td>2018-05-15 08:00:00</td>\n",
              "      <td>BTC/USD</td>\n",
              "      <td>8739.00</td>\n",
              "      <td>8750.27</td>\n",
              "      <td>8660.53</td>\n",
              "      <td>8728.49</td>\n",
              "      <td>7.986063e+06</td>\n",
              "      <td>9.177900e+02</td>\n",
              "    </tr>\n",
              "    <tr>\n",
              "      <th>1526374800</th>\n",
              "      <td>2018-05-15 09:00:00</td>\n",
              "      <td>BTC/USD</td>\n",
              "      <td>8728.49</td>\n",
              "      <td>8754.40</td>\n",
              "      <td>8701.35</td>\n",
              "      <td>8708.32</td>\n",
              "      <td>1.593992e+06</td>\n",
              "      <td>1.826200e+02</td>\n",
              "    </tr>\n",
              "    <tr>\n",
              "      <th>1526378400</th>\n",
              "      <td>2018-05-15 10:00:00</td>\n",
              "      <td>BTC/USD</td>\n",
              "      <td>8708.32</td>\n",
              "      <td>8865.00</td>\n",
              "      <td>8695.11</td>\n",
              "      <td>8795.90</td>\n",
              "      <td>1.110127e+07</td>\n",
              "      <td>1.260690e+03</td>\n",
              "    </tr>\n",
              "    <tr>\n",
              "      <th>...</th>\n",
              "      <td>...</td>\n",
              "      <td>...</td>\n",
              "      <td>...</td>\n",
              "      <td>...</td>\n",
              "      <td>...</td>\n",
              "      <td>...</td>\n",
              "      <td>...</td>\n",
              "      <td>...</td>\n",
              "    </tr>\n",
              "    <tr>\n",
              "      <th>1646078400</th>\n",
              "      <td>2022-02-28 20:00:00</td>\n",
              "      <td>BTC/USD</td>\n",
              "      <td>41361.99</td>\n",
              "      <td>41971.00</td>\n",
              "      <td>41284.11</td>\n",
              "      <td>41914.97</td>\n",
              "      <td>2.471517e+02</td>\n",
              "      <td>1.035935e+07</td>\n",
              "    </tr>\n",
              "    <tr>\n",
              "      <th>1646082000</th>\n",
              "      <td>2022-02-28 21:00:00</td>\n",
              "      <td>BTC/USD</td>\n",
              "      <td>41917.09</td>\n",
              "      <td>41917.09</td>\n",
              "      <td>41542.60</td>\n",
              "      <td>41659.53</td>\n",
              "      <td>6.975168e+01</td>\n",
              "      <td>2.905822e+06</td>\n",
              "    </tr>\n",
              "    <tr>\n",
              "      <th>1646085600</th>\n",
              "      <td>2022-02-28 22:00:00</td>\n",
              "      <td>BTC/USD</td>\n",
              "      <td>41657.23</td>\n",
              "      <td>44256.08</td>\n",
              "      <td>41650.29</td>\n",
              "      <td>42907.32</td>\n",
              "      <td>5.275406e+02</td>\n",
              "      <td>2.263535e+07</td>\n",
              "    </tr>\n",
              "    <tr>\n",
              "      <th>1646089200</th>\n",
              "      <td>2022-02-28 23:00:00</td>\n",
              "      <td>BTC/USD</td>\n",
              "      <td>43085.30</td>\n",
              "      <td>43364.81</td>\n",
              "      <td>42892.37</td>\n",
              "      <td>43178.98</td>\n",
              "      <td>1.068161e+02</td>\n",
              "      <td>4.612210e+06</td>\n",
              "    </tr>\n",
              "    <tr>\n",
              "      <th>1646092800</th>\n",
              "      <td>2022-03-01 00:00:00</td>\n",
              "      <td>BTC/USD</td>\n",
              "      <td>43221.71</td>\n",
              "      <td>43626.49</td>\n",
              "      <td>43185.48</td>\n",
              "      <td>43312.27</td>\n",
              "      <td>5.205632e+01</td>\n",
              "      <td>2.254677e+06</td>\n",
              "    </tr>\n",
              "  </tbody>\n",
              "</table>\n",
              "<p>33259 rows × 8 columns</p>\n",
              "</div>\n",
              "      <button class=\"colab-df-convert\" onclick=\"convertToInteractive('df-f29a0317-7e7b-46ce-88e4-7f1e047265db')\"\n",
              "              title=\"Convert this dataframe to an interactive table.\"\n",
              "              style=\"display:none;\">\n",
              "        \n",
              "  <svg xmlns=\"http://www.w3.org/2000/svg\" height=\"24px\"viewBox=\"0 0 24 24\"\n",
              "       width=\"24px\">\n",
              "    <path d=\"M0 0h24v24H0V0z\" fill=\"none\"/>\n",
              "    <path d=\"M18.56 5.44l.94 2.06.94-2.06 2.06-.94-2.06-.94-.94-2.06-.94 2.06-2.06.94zm-11 1L8.5 8.5l.94-2.06 2.06-.94-2.06-.94L8.5 2.5l-.94 2.06-2.06.94zm10 10l.94 2.06.94-2.06 2.06-.94-2.06-.94-.94-2.06-.94 2.06-2.06.94z\"/><path d=\"M17.41 7.96l-1.37-1.37c-.4-.4-.92-.59-1.43-.59-.52 0-1.04.2-1.43.59L10.3 9.45l-7.72 7.72c-.78.78-.78 2.05 0 2.83L4 21.41c.39.39.9.59 1.41.59.51 0 1.02-.2 1.41-.59l7.78-7.78 2.81-2.81c.8-.78.8-2.07 0-2.86zM5.41 20L4 18.59l7.72-7.72 1.47 1.35L5.41 20z\"/>\n",
              "  </svg>\n",
              "      </button>\n",
              "      \n",
              "  <style>\n",
              "    .colab-df-container {\n",
              "      display:flex;\n",
              "      flex-wrap:wrap;\n",
              "      gap: 12px;\n",
              "    }\n",
              "\n",
              "    .colab-df-convert {\n",
              "      background-color: #E8F0FE;\n",
              "      border: none;\n",
              "      border-radius: 50%;\n",
              "      cursor: pointer;\n",
              "      display: none;\n",
              "      fill: #1967D2;\n",
              "      height: 32px;\n",
              "      padding: 0 0 0 0;\n",
              "      width: 32px;\n",
              "    }\n",
              "\n",
              "    .colab-df-convert:hover {\n",
              "      background-color: #E2EBFA;\n",
              "      box-shadow: 0px 1px 2px rgba(60, 64, 67, 0.3), 0px 1px 3px 1px rgba(60, 64, 67, 0.15);\n",
              "      fill: #174EA6;\n",
              "    }\n",
              "\n",
              "    [theme=dark] .colab-df-convert {\n",
              "      background-color: #3B4455;\n",
              "      fill: #D2E3FC;\n",
              "    }\n",
              "\n",
              "    [theme=dark] .colab-df-convert:hover {\n",
              "      background-color: #434B5C;\n",
              "      box-shadow: 0px 1px 3px 1px rgba(0, 0, 0, 0.15);\n",
              "      filter: drop-shadow(0px 1px 2px rgba(0, 0, 0, 0.3));\n",
              "      fill: #FFFFFF;\n",
              "    }\n",
              "  </style>\n",
              "\n",
              "      <script>\n",
              "        const buttonEl =\n",
              "          document.querySelector('#df-f29a0317-7e7b-46ce-88e4-7f1e047265db button.colab-df-convert');\n",
              "        buttonEl.style.display =\n",
              "          google.colab.kernel.accessAllowed ? 'block' : 'none';\n",
              "\n",
              "        async function convertToInteractive(key) {\n",
              "          const element = document.querySelector('#df-f29a0317-7e7b-46ce-88e4-7f1e047265db');\n",
              "          const dataTable =\n",
              "            await google.colab.kernel.invokeFunction('convertToInteractive',\n",
              "                                                     [key], {});\n",
              "          if (!dataTable) return;\n",
              "\n",
              "          const docLinkHtml = 'Like what you see? Visit the ' +\n",
              "            '<a target=\"_blank\" href=https://colab.research.google.com/notebooks/data_table.ipynb>data table notebook</a>'\n",
              "            + ' to learn more about interactive tables.';\n",
              "          element.innerHTML = '';\n",
              "          dataTable['output_type'] = 'display_data';\n",
              "          await google.colab.output.renderOutput(dataTable, element);\n",
              "          const docLink = document.createElement('div');\n",
              "          docLink.innerHTML = docLinkHtml;\n",
              "          element.appendChild(docLink);\n",
              "        }\n",
              "      </script>\n",
              "    </div>\n",
              "  </div>\n",
              "  "
            ]
          },
          "metadata": {},
          "execution_count": 150
        }
      ]
    },
    {
      "cell_type": "code",
      "source": [
        "df = df[['date', 'close']].dropna()"
      ],
      "metadata": {
        "id": "CtwJ33mk_HQ1"
      },
      "execution_count": null,
      "outputs": []
    },
    {
      "cell_type": "code",
      "metadata": {
        "id": "OY4uVwWZi4ez",
        "outputId": "e0f02b51-67ab-4295-8984-1fc3fc710f97",
        "colab": {
          "base_uri": "https://localhost:8080/",
          "height": 455
        }
      },
      "source": [
        "df"
      ],
      "execution_count": null,
      "outputs": [
        {
          "output_type": "execute_result",
          "data": {
            "text/plain": [
              "                           date     close\n",
              "unix                                     \n",
              "1526364000  2018-05-15 06:00:00   8740.99\n",
              "1526367600  2018-05-15 07:00:00   8739.00\n",
              "1526371200  2018-05-15 08:00:00   8728.49\n",
              "1526374800  2018-05-15 09:00:00   8708.32\n",
              "1526378400  2018-05-15 10:00:00   8795.90\n",
              "...                         ...       ...\n",
              "1646078400  2022-02-28 20:00:00  41914.97\n",
              "1646082000  2022-02-28 21:00:00  41659.53\n",
              "1646085600  2022-02-28 22:00:00  42907.32\n",
              "1646089200  2022-02-28 23:00:00  43178.98\n",
              "1646092800  2022-03-01 00:00:00  43312.27\n",
              "\n",
              "[33259 rows x 2 columns]"
            ],
            "text/html": [
              "\n",
              "  <div id=\"df-c748fcd1-af18-4bac-beef-548153a4e7ba\">\n",
              "    <div class=\"colab-df-container\">\n",
              "      <div>\n",
              "<style scoped>\n",
              "    .dataframe tbody tr th:only-of-type {\n",
              "        vertical-align: middle;\n",
              "    }\n",
              "\n",
              "    .dataframe tbody tr th {\n",
              "        vertical-align: top;\n",
              "    }\n",
              "\n",
              "    .dataframe thead th {\n",
              "        text-align: right;\n",
              "    }\n",
              "</style>\n",
              "<table border=\"1\" class=\"dataframe\">\n",
              "  <thead>\n",
              "    <tr style=\"text-align: right;\">\n",
              "      <th></th>\n",
              "      <th>date</th>\n",
              "      <th>close</th>\n",
              "    </tr>\n",
              "    <tr>\n",
              "      <th>unix</th>\n",
              "      <th></th>\n",
              "      <th></th>\n",
              "    </tr>\n",
              "  </thead>\n",
              "  <tbody>\n",
              "    <tr>\n",
              "      <th>1526364000</th>\n",
              "      <td>2018-05-15 06:00:00</td>\n",
              "      <td>8740.99</td>\n",
              "    </tr>\n",
              "    <tr>\n",
              "      <th>1526367600</th>\n",
              "      <td>2018-05-15 07:00:00</td>\n",
              "      <td>8739.00</td>\n",
              "    </tr>\n",
              "    <tr>\n",
              "      <th>1526371200</th>\n",
              "      <td>2018-05-15 08:00:00</td>\n",
              "      <td>8728.49</td>\n",
              "    </tr>\n",
              "    <tr>\n",
              "      <th>1526374800</th>\n",
              "      <td>2018-05-15 09:00:00</td>\n",
              "      <td>8708.32</td>\n",
              "    </tr>\n",
              "    <tr>\n",
              "      <th>1526378400</th>\n",
              "      <td>2018-05-15 10:00:00</td>\n",
              "      <td>8795.90</td>\n",
              "    </tr>\n",
              "    <tr>\n",
              "      <th>...</th>\n",
              "      <td>...</td>\n",
              "      <td>...</td>\n",
              "    </tr>\n",
              "    <tr>\n",
              "      <th>1646078400</th>\n",
              "      <td>2022-02-28 20:00:00</td>\n",
              "      <td>41914.97</td>\n",
              "    </tr>\n",
              "    <tr>\n",
              "      <th>1646082000</th>\n",
              "      <td>2022-02-28 21:00:00</td>\n",
              "      <td>41659.53</td>\n",
              "    </tr>\n",
              "    <tr>\n",
              "      <th>1646085600</th>\n",
              "      <td>2022-02-28 22:00:00</td>\n",
              "      <td>42907.32</td>\n",
              "    </tr>\n",
              "    <tr>\n",
              "      <th>1646089200</th>\n",
              "      <td>2022-02-28 23:00:00</td>\n",
              "      <td>43178.98</td>\n",
              "    </tr>\n",
              "    <tr>\n",
              "      <th>1646092800</th>\n",
              "      <td>2022-03-01 00:00:00</td>\n",
              "      <td>43312.27</td>\n",
              "    </tr>\n",
              "  </tbody>\n",
              "</table>\n",
              "<p>33259 rows × 2 columns</p>\n",
              "</div>\n",
              "      <button class=\"colab-df-convert\" onclick=\"convertToInteractive('df-c748fcd1-af18-4bac-beef-548153a4e7ba')\"\n",
              "              title=\"Convert this dataframe to an interactive table.\"\n",
              "              style=\"display:none;\">\n",
              "        \n",
              "  <svg xmlns=\"http://www.w3.org/2000/svg\" height=\"24px\"viewBox=\"0 0 24 24\"\n",
              "       width=\"24px\">\n",
              "    <path d=\"M0 0h24v24H0V0z\" fill=\"none\"/>\n",
              "    <path d=\"M18.56 5.44l.94 2.06.94-2.06 2.06-.94-2.06-.94-.94-2.06-.94 2.06-2.06.94zm-11 1L8.5 8.5l.94-2.06 2.06-.94-2.06-.94L8.5 2.5l-.94 2.06-2.06.94zm10 10l.94 2.06.94-2.06 2.06-.94-2.06-.94-.94-2.06-.94 2.06-2.06.94z\"/><path d=\"M17.41 7.96l-1.37-1.37c-.4-.4-.92-.59-1.43-.59-.52 0-1.04.2-1.43.59L10.3 9.45l-7.72 7.72c-.78.78-.78 2.05 0 2.83L4 21.41c.39.39.9.59 1.41.59.51 0 1.02-.2 1.41-.59l7.78-7.78 2.81-2.81c.8-.78.8-2.07 0-2.86zM5.41 20L4 18.59l7.72-7.72 1.47 1.35L5.41 20z\"/>\n",
              "  </svg>\n",
              "      </button>\n",
              "      \n",
              "  <style>\n",
              "    .colab-df-container {\n",
              "      display:flex;\n",
              "      flex-wrap:wrap;\n",
              "      gap: 12px;\n",
              "    }\n",
              "\n",
              "    .colab-df-convert {\n",
              "      background-color: #E8F0FE;\n",
              "      border: none;\n",
              "      border-radius: 50%;\n",
              "      cursor: pointer;\n",
              "      display: none;\n",
              "      fill: #1967D2;\n",
              "      height: 32px;\n",
              "      padding: 0 0 0 0;\n",
              "      width: 32px;\n",
              "    }\n",
              "\n",
              "    .colab-df-convert:hover {\n",
              "      background-color: #E2EBFA;\n",
              "      box-shadow: 0px 1px 2px rgba(60, 64, 67, 0.3), 0px 1px 3px 1px rgba(60, 64, 67, 0.15);\n",
              "      fill: #174EA6;\n",
              "    }\n",
              "\n",
              "    [theme=dark] .colab-df-convert {\n",
              "      background-color: #3B4455;\n",
              "      fill: #D2E3FC;\n",
              "    }\n",
              "\n",
              "    [theme=dark] .colab-df-convert:hover {\n",
              "      background-color: #434B5C;\n",
              "      box-shadow: 0px 1px 3px 1px rgba(0, 0, 0, 0.15);\n",
              "      filter: drop-shadow(0px 1px 2px rgba(0, 0, 0, 0.3));\n",
              "      fill: #FFFFFF;\n",
              "    }\n",
              "  </style>\n",
              "\n",
              "      <script>\n",
              "        const buttonEl =\n",
              "          document.querySelector('#df-c748fcd1-af18-4bac-beef-548153a4e7ba button.colab-df-convert');\n",
              "        buttonEl.style.display =\n",
              "          google.colab.kernel.accessAllowed ? 'block' : 'none';\n",
              "\n",
              "        async function convertToInteractive(key) {\n",
              "          const element = document.querySelector('#df-c748fcd1-af18-4bac-beef-548153a4e7ba');\n",
              "          const dataTable =\n",
              "            await google.colab.kernel.invokeFunction('convertToInteractive',\n",
              "                                                     [key], {});\n",
              "          if (!dataTable) return;\n",
              "\n",
              "          const docLinkHtml = 'Like what you see? Visit the ' +\n",
              "            '<a target=\"_blank\" href=https://colab.research.google.com/notebooks/data_table.ipynb>data table notebook</a>'\n",
              "            + ' to learn more about interactive tables.';\n",
              "          element.innerHTML = '';\n",
              "          dataTable['output_type'] = 'display_data';\n",
              "          await google.colab.output.renderOutput(dataTable, element);\n",
              "          const docLink = document.createElement('div');\n",
              "          docLink.innerHTML = docLinkHtml;\n",
              "          element.appendChild(docLink);\n",
              "        }\n",
              "      </script>\n",
              "    </div>\n",
              "  </div>\n",
              "  "
            ]
          },
          "metadata": {},
          "execution_count": 152
        }
      ]
    },
    {
      "cell_type": "code",
      "source": [
        "df['date'] = pd.to_datetime(df['date'], errors='coerce')"
      ],
      "metadata": {
        "id": "E0AQa5C2JSeZ"
      },
      "execution_count": null,
      "outputs": []
    },
    {
      "cell_type": "code",
      "metadata": {
        "id": "oSCBhwelngMW"
      },
      "source": [
        "def train_forest(df, split_point):\n",
        "  train_features = df.drop(['close'], axis = 1).head(len(df)-split_point)\n",
        "  train_labels = df['close'].head(len(df)-split_point)\n",
        "  val_features = df.drop(['close'], axis = 1).tail(split_point)\n",
        "  val_labels = df['close'].tail(split_point)\n",
        "\n",
        "  rf = RandomForestRegressor(n_estimators = 50, random_state = 42)\n",
        "  rf.fit(train_features, train_labels)\n",
        "\n",
        "  return [rf, train_features, train_labels, val_features, val_labels]\n",
        "\n",
        "def check_predictions(rf, train_features, train_labels, val_features, val_labels):\n",
        "  fig,axes  = plt.subplots(nrows=2, ncols=2, figsize=(10,10))\n",
        "  fig.tight_layout(pad=6.0)\n",
        "  predictions_plot(rf, train_features, train_labels, axes[0,0])\n",
